
U =

    0.4437    0.2673    0.8554
    0.5948   -0.8018   -0.0580
   -0.6703   -0.5345    0.5147


V =

   -3.8730         0         0
         0   -1.0000         0
         0         0    3.8730


Aradredusert =

     1     0     0
     0     1     0
     0     0     1

