
U =

    0.7071   -0.7071         0         0
   -0.7071    0.7071         0         0
         0         0   -0.9701   -0.7071
         0         0    0.2425   -0.7071


V =

    2.0000         0         0         0
         0    2.0000         0         0
         0         0         0         0
         0         0         0    5.0000


Uredusert =

     1     0     0     0
     0     1     0     0
     0     0     1     0
     0     0     0     1

