
U =

         0    0.6708   -0.4802
    1.0000   -0.3162   -0.7340
         0   -0.6708    0.4802


V =

     3     0     0
     0     3     0
     0     0     3


Aradredusert =

     1     0     0
     0     1     0
     0     0     1

